 2538
 3012
 2349
 2497
 2030
 2202
 1151
  360
  637
  215
 3588
 3686
 3592
 3306
  641
 2238
 3103
 2979
 1570
  272
 2084
  545
 2255
 1087
  242
 2662
 1083
 3569
 1230
  215
 2019
 3764
  272
 1192
 1059
 2864
 2799
 1270
  623
 2069
 1954
 3603
 2929
  507
 1746
  925
  891
  967
 1481
 3764
 1690
  957
 1584
 2767
  338
   88
  396
 1011
 2465
 2809
 2777
 1676
 2631
 1431
 3727
 3762
  700
  680
 1167
  112
 1388
 2057
  749
 1750
    3
 3518
 1750
 2753
 3446
 2591
 2293
 2901
 3051
  820
 3273
 3273
 3764
 2443
 2621
 2180
  713
 1845
 3412
 2125
 1727
 3072
  112
  623
 2555
  848
  911
 3009
  272
 3491
 3727
 1083
 1377
 3736
 2733
 1407
  488
  789
 3197
 2349
 1954
  545
  637
 3764
 3625
 1531
  820
  283
 2610
  779
 3532
 2662
  601
  227
 3112
 1355
  413
 3323
 1137
 2019
  268
 1930
 2080
  360
 2163
  253
  283
 1495
  146
 3249
  321
 2114
 3219
 1649
  768
   69
 2401
  652
 1911
 2572
 1464
 2095
  730
 2538
  224
 2255
 3230
 2330
 2853
 3337
 2110
  488
 3373
 3289
  559
 2387
 2144
 2330
  119
 2202
  129
 1988
 3100
  302
  451
 2274
  466
  272
 3764
 1971
 2494
 2066
 2216
  374
 2634
  432
   38
  238
 1961
 1447
 2308
  696
 3727
 2125
 1880
  177
 2099
 2084
 2372
  272
 2114
 3727
 3727
